
len =

    10


x =

   5.3767e-01
   1.8339e+00
  -2.2588e+00
   8.6217e-01
   3.1877e-01
  -1.3077e+00
  -4.3359e-01
   3.4262e-01
   3.5784e+00
   2.7694e+00


c =

     0     0     0     0     0     0     0     0     0     0
     0     0     0     0     0     0     0     0     0     0
     0     0     0     0     0     0     0     0     0     0
     0     0     0     0     0     0     0     0     0     0
     0     0     0     0     0     0     0     0     0     0
     0     0     0     0     0     0     0     0     0     0
     0     0     0     0     0     0     0     0     0     0
     0     0     0     0     0     0     0     0     0     0
     0     0     0     0     0     0     0     0     0     0
     0     0     0     0     0     0     0     0     0     0


kl_del =

     0


kl_del =

     1


kl_del =

     2


kl_del =

     3


kl_del =

     4


kl_del =

     5


kl_del =

     6


kl_del =

     7


kl_del =

     8


kl_del =

     9


kl_del =

     1


kl_del =

     0


kl_del =

     1


kl_del =

     2


kl_del =

     3


kl_del =

     4


kl_del =

     5


kl_del =

     6


kl_del =

     7


kl_del =

     8


kl_del =

     2


kl_del =

     1


kl_del =

     0


kl_del =

     1


kl_del =

     2


kl_del =

     3


kl_del =

     4


kl_del =

     5


kl_del =

     6


kl_del =

     7


kl_del =

     3


kl_del =

     2


kl_del =

     1


kl_del =

     0


kl_del =

     1


kl_del =

     2


kl_del =

     3


kl_del =

     4


kl_del =

     5


kl_del =

     6


kl_del =

     4


kl_del =

     3


kl_del =

     2


kl_del =

     1


kl_del =

     0


kl_del =

     1


kl_del =

     2


kl_del =

     3


kl_del =

     4


kl_del =

     5


kl_del =

     5


kl_del =

     4


kl_del =

     3


kl_del =

     2


kl_del =

     1


kl_del =

     0


kl_del =

     1


kl_del =

     2


kl_del =

     3


kl_del =

     4


kl_del =

     6


kl_del =

     5


kl_del =

     4


kl_del =

     3


kl_del =

     2


kl_del =

     1


kl_del =

     0


kl_del =

     1


kl_del =

     2


kl_del =

     3


kl_del =

     7


kl_del =

     6


kl_del =

     5


kl_del =

     4


kl_del =

     3


kl_del =

     2


kl_del =

     1


kl_del =

     0


kl_del =

     1


kl_del =

     2


kl_del =

     8


kl_del =

     7


kl_del =

     6


kl_del =

     5


kl_del =

     4


kl_del =

     3


kl_del =

     2


kl_del =

     1


kl_del =

     0


kl_del =

     1


kl_del =

     9


kl_del =

     8


kl_del =

     7


kl_del =

     6


kl_del =

     5


kl_del =

     4


kl_del =

     3


kl_del =

     2


kl_del =

     1


kl_del =

     0


x2 =

   5.3767e-01
   1.8339e+00
  -2.2588e+00
   8.6217e-01
   3.1877e-01
  -1.3077e+00
  -4.3359e-01
   3.4262e-01
   3.5784e+00
   2.7694e+00
            0
            0
            0
            0
            0
            0
            0
            0
            0
            0


chk0 =

     0


cx2 =

  Columns 1 through 8

   5.3767e-01            0            0            0            0            0            0            0
   1.8339e+00   5.3767e-01            0            0            0            0            0            0
  -2.2588e+00   1.8339e+00   5.3767e-01            0            0            0            0            0
   8.6217e-01  -2.2588e+00   1.8339e+00   5.3767e-01            0            0            0            0
   3.1877e-01   8.6217e-01  -2.2588e+00   1.8339e+00   5.3767e-01            0            0            0
  -1.3077e+00   3.1877e-01   8.6217e-01  -2.2588e+00   1.8339e+00   5.3767e-01            0            0
  -4.3359e-01  -1.3077e+00   3.1877e-01   8.6217e-01  -2.2588e+00   1.8339e+00   5.3767e-01            0
   3.4262e-01  -4.3359e-01  -1.3077e+00   3.1877e-01   8.6217e-01  -2.2588e+00   1.8339e+00   5.3767e-01
   3.5784e+00   3.4262e-01  -4.3359e-01  -1.3077e+00   3.1877e-01   8.6217e-01  -2.2588e+00   1.8339e+00
   2.7694e+00   3.5784e+00   3.4262e-01  -4.3359e-01  -1.3077e+00   3.1877e-01   8.6217e-01  -2.2588e+00
            0   2.7694e+00   3.5784e+00   3.4262e-01  -4.3359e-01  -1.3077e+00   3.1877e-01   8.6217e-01
            0            0   2.7694e+00   3.5784e+00   3.4262e-01  -4.3359e-01  -1.3077e+00   3.1877e-01
            0            0            0   2.7694e+00   3.5784e+00   3.4262e-01  -4.3359e-01  -1.3077e+00
            0            0            0            0   2.7694e+00   3.5784e+00   3.4262e-01  -4.3359e-01
            0            0            0            0            0   2.7694e+00   3.5784e+00   3.4262e-01
            0            0            0            0            0            0   2.7694e+00   3.5784e+00
            0            0            0            0            0            0            0   2.7694e+00
            0            0            0            0            0            0            0            0
            0            0            0            0            0            0            0            0
            0            0            0            0            0            0            0            0

  Columns 9 through 16

            0            0            0   2.7694e+00   3.5784e+00   3.4262e-01  -4.3359e-01  -1.3077e+00
            0            0            0            0   2.7694e+00   3.5784e+00   3.4262e-01  -4.3359e-01
            0            0            0            0            0   2.7694e+00   3.5784e+00   3.4262e-01
            0            0            0            0            0            0   2.7694e+00   3.5784e+00
            0            0            0            0            0            0            0   2.7694e+00
            0            0            0            0            0            0            0            0
            0            0            0            0            0            0            0            0
            0            0            0            0            0            0            0            0
   5.3767e-01            0            0            0            0            0            0            0
   1.8339e+00   5.3767e-01            0            0            0            0            0            0
  -2.2588e+00   1.8339e+00   5.3767e-01            0            0            0            0            0
   8.6217e-01  -2.2588e+00   1.8339e+00   5.3767e-01            0            0            0            0
   3.1877e-01   8.6217e-01  -2.2588e+00   1.8339e+00   5.3767e-01            0            0            0
  -1.3077e+00   3.1877e-01   8.6217e-01  -2.2588e+00   1.8339e+00   5.3767e-01            0            0
  -4.3359e-01  -1.3077e+00   3.1877e-01   8.6217e-01  -2.2588e+00   1.8339e+00   5.3767e-01            0
   3.4262e-01  -4.3359e-01  -1.3077e+00   3.1877e-01   8.6217e-01  -2.2588e+00   1.8339e+00   5.3767e-01
   3.5784e+00   3.4262e-01  -4.3359e-01  -1.3077e+00   3.1877e-01   8.6217e-01  -2.2588e+00   1.8339e+00
   2.7694e+00   3.5784e+00   3.4262e-01  -4.3359e-01  -1.3077e+00   3.1877e-01   8.6217e-01  -2.2588e+00
            0   2.7694e+00   3.5784e+00   3.4262e-01  -4.3359e-01  -1.3077e+00   3.1877e-01   8.6217e-01
            0            0   2.7694e+00   3.5784e+00   3.4262e-01  -4.3359e-01  -1.3077e+00   3.1877e-01

