Starting: 06-Feb-2019 17:46:42

K =   1, 06-Feb-2019 17:46:42
Elapsed: 1.067777e-01 [s]
Starting: 06-Feb-2019 17:53:06

K =   1, 06-Feb-2019 17:53:06
Elapsed: 6.600119e-02 [s]
Starting: 06-Feb-2019 17:56:50

K =   1, 06-Feb-2019 17:56:50
Elapsed: 4.922520e-02 [s]
Starting: 06-Feb-2019 18:03:13

K =   1, 06-Feb-2019 18:03:14
Elapsed: 7.326581e-02 [s]
K =   4, 06-Feb-2019 18:12:31
Elapsed: 5.580025e+02 [s]
Ending: 06-Feb-2019 18:33:17

Elapsed: 1.803357e+03 [s]
